5
11
31
35
45
65
78
82
94
97
114
118
132
155
162
179
203
214
217
225
238
254
256
258
261
273
280
306
309
314
322
324
336
346
347
353
362
407
444
470
475
487
488
515
537
546
550
554
570
574
575
580
600
607
658
659
669
670
682
682
692
700
703
708
713
722
724
732
735
736
743
746
755
761
761
770
793
802
806
817
821
822
836
839
844
849
858
868
868
871
886
926
931
939
941
942
961
962
974
976
981
988
995
997
1003
1005
1015
1029
1040
1052
1053
1056
1057
1064
1065
1069
1070
1071
1071
1083
1089
1092
1093
1095
1102
1106
1111
1112
1114
1115
1133
1146
1149
1150
1154
1158
1162
1164
1168
1172
1174
1184
1193
1201
1207
1212
1219
1241
1242
1245
1256
1256
1271
1282
1285
1306
1315
1316
1332
1355
1361
1379
1380
1393
1413
1419
1426
1434
1436
1443
1444
1456
1462
1463
1463
1475
1479
1486
1490
1494
1512
1512
1520
1521
1534
1536
1555
1569
1594
1626
1627
1633
1643
1654
1656
1658
1660
1662
1663
1666
1667
1667
1683
1686
1696
1746
1747
1761
1778
1813
1833
1833
1840
1843
1864
1869
1877
1878
1896
1913
1915
1926
1938
1941
1948
1962
1963
1981
1985
1997
2022
2040
2051
2057
2060
2074
2093
2121
2160
2165
2182
2187
2207
2216
2236
2246
2255
2256
2256
2261
2294
2297
2304
2306
2309
2325
2337
2346
2350
2362
2363
2363
2394
2399
2401
2409
2423
2428
2444
2451
2452
2458
2464
2485
2490
2502
2504
2513
2533
2534
2552
2558
2568
2569
2581
2607
2616
2648
2651
2652
2672
2676
2690
2697
2698
2721
2721
2727
2735
2748
2751
2753
2781
2789
2800
2802
2815
2830
2882
2901
2903
2905
2907
2909
2942
2943
2945
2955
2978
3003
3031
3034
3050
3051
3070
3075
3095
3108
3125
3135
3136
3142
3158
3164
3166
3172
3178
3184
3191
3194
3199
3208
3208
3229
3242
3297
3316
3349
3353
3376
3420
3428
3442
3448
3455
3466
3473
3477
3483
3494
3527
3530
3533
3538
3566
3567
3581
3591
3596
3605
3606
3609
3616
3631
3638
3654
3655
3663
3670
3683
3709
3709
3730
3746
3760
3767
3786
3787
3808
3813
3819
3848
3851
3869
3882
3934
3941
3979
3980
4017
4019
4040
4041
4062
4063
4069
4070
4073
4082
4083
4091
4106
4108
4114
4131
4137
4140
4172
4174
4184
4206
4213
4214
4224
4235
4243
4252
4290
4293
4297
4309
4311
4311
4312
4314
4316
4320
4326
4330
4340
4341
4347
4351
4390
4405
4406
4408
4413
4416
4436
4446
4466
4477
4479
4486
4486
4487
4488
4492
4511
4514
4519
4523
4525
4568
4587
4599
4607
4608
4618
4620
4629
4629
4635
4636
4646
4668
4677
4681
4698
4701
4713
4713
4720
4722
4723
4736
4742
4754
4761
4775
4790
4795
4797
4813
4818
4828
4839
4853
4877
4897
4900
4917
4920
4940
4950
4960
4979
4985
5001
5010
5011
5038
5048
5058
5059
5063
5071
5072
5083
5108
5109
5129
5136
5142
5154
5178
5193
5197
5198
5207
5212
5212
5217
5227
5237
5248
5251
5259
5270
5271
5280
5291
5334
5341
5343
5345
5351
5357
5361
5364
5366
5386
5401
5404
5405
5437
5459
5474
5487
5495
5500
5511
5531
5546
5602
5606
5612
5625
5636
5639
5643
5661
5662
5665
5666
5668
5684
5691
5691
5711
5733
5736
5738
5739
5741
5752
5772
5777
5808
5812
5840
5842
5844
5853
5859
5872
5905
5906
5918
5947
5955
5980
5980
5982
5988
5990
5992
5995
5996
6022
6026
6033
6039
6043
6047
6052
6072
6074
6079
6127
6139
6142
6159
6182
6198
6198
6201
6203
6220
6222
6227
6231
6241
6241
6244
6253
6301
6313
6322
6333
6349
6356
6368
6369
6372
6397
6404
6408
6414
6423
6425
6443
6446
6458
6467
6467
6485
6507
6509
6519
6528
6542
6544
6578
6578
6583
6592
6596
6617
6623
6629
6630
6631
6641
6645
6646
6648
6650
6658
6668
6669
6670
6682
6686
6686
6688
6705
6711
6726
6733
6735
6749
6754
6761
6767
6774
6782
6798
6803
6817
6820
6830
6830
6848
6854
6863
6879
6880
6888
6893
6899
6905
6913
6916
6932
6945
6953
6957
6995
6997
7001
7027
7035
7057
7058
7064
7072
7075
7085
7093
7125
7129
7132
7145
7166
7193
7200
7206
7206
7223
7232
7235
7239
7247
7250
7273
7278
7281
7301
7329
7330
7331
7340
7355
7362
7371
7395
7395
7397
7397
7399
7429
7434
7442
7443
7453
7459
7467
7479
7481
7481
7527
7541
7557
7572
7583
7604
7608
7620
7630
7631
7655
7663
7670
7673
7682
7717
7723
7737
7751
7753
7758
7765
7768
7776
7780
7785
7830
7848
7855
7879
7883
7889
7916
7919
7960
7965
7972
7976
7987
7994
7998
8004
8011
8020
8028
8118
8130
8136
8155
8161
8183
8187
8217
8236
8252
8254
8255
8255
8275
8283
8293
8314
8325
8339
8342
8343
8355
8375
8415
8417
8423
8426
8429
8431
8438
8467
8467
8473
8489
8491
8502
8503
8514
8521
8529
8530
8539
8543
8549
8582
8583
8586
8595
8607
8619
8626
8629
8631
8676
8694
8727
8742
8765
8767
8781
8847
8861
8873
8903
8918
8922
8928
8934
8936
8941
8943
8945
8958
8969
8971
8979
8991
8996
9001
9017
9054
9091
9096
9098
9118
9119
9121
9175
9186
9189
9193
9203
9203
9207
9212
9218
9234
9242
9247
9272
9318
9340
9340
9342
9353
9362
9365
9366
9402
9429
9429
9431
9432
9434
9440
9442
9446
9452
9453
9465
9486
9487
9493
9499
9504
9521
9525
9540
9557
9560
9561
9577
9579
9588
9590
9599
9609
9611
9615
9618
9619
9645
9646
9664
9674
9676
9676
9700
9720
9783
9803
9803
9818
9832
9849
9850
9860
9860
9879
9880
9885
9890
9913
9914
9934
9935
9939
9944
9955
9963
9990
10011
10013
10013
10024
10030
10039
10043
10050
10051
10060
10063
10070
10072
10073
10077
10086
10092
10095
10095
10098
10116
10117
10121
10123
10129
10140
10151
10161
10166
10175
10186
10193
10197
10198
10207
10225
10237
10242
10254
10259
10266
10269
10271
10273
10277
10295
10307
10311
10332
10337
10353
10365
10392
10392
10400
10418
10418
10428
10432
10436
10437
10472
10490
10499
10499
10500
10509
10513
10513
10526
10538
10540
10542
10545
10556
10564
10570
10616
10620
10632
10636
10637
10640
10648
10656
10662
10669
10674
10680
10687
10700
10709
10721
10737
10748
10752
10763
10800
10802
10813
10820
10826
10828
10841
10846
10873
10874
10876
10885
10887
10912
10937
10947
10948
10948
10950
10960
10978
10980
10981
10992
10993
11015
11017
11018
11022
11022
11051
11054
11059
11066
11128
11132
11137
11155
11181
11192
11205
11226
11237
11238
11257
11261
11267
11273
11306
11306
11311
11321
11323
11341
11344
11352
11377
11382
11383
11389
11410
11411
11415
11428
11449
11450
11486
11521
11545
11549
11557
11559
11560
11564
11565
11575
11578
11598
11611
11613
11615
11626
11642
11704
11704
11706
11736
11746
11750
11757
11764
11771
11777
11784
11787
11790
11791
11794
11797
11797
11798
11805
11821
11827
11851
11868
11874
11887
11899
11900
11918
11927
11942
11957
11965
11966
11973
11982
11984
11985
11995
12024
12029
12033
12035
12038
12056
12081
12083
12087
12110
12111
12133
12149
12152
12174
12184
12268
12270
12281
12298
12299
12300
12324
12351
12377
12400
12401
12413
12419
12434
12440
12460
12467
12471
12477
12495
12497
12497
12498
12506
12532
12583
12586
12597
12603
12605
12618
12644
12645
12651
12661
12662
12680
12685
12712
12714
12723
12755
12764
12812
12819
12820
12844
12844
12852
12859
12867
12903
12925
12928
12950
12960
12973
12975
12976
12978
12982
12990
12996
12996
13003
13009
13023
13028
13031
13044
13047
13054
13065
13070
13071
13074
13074
13078
13081
13082
13083
13084
13092
13095
13119
13135
13160
13172
13172
13173
13174
13191
13194
13203
13209
13221
13226
13237
13245
13257
13259
13261
13266
13272
13272
13272
13282
13296
13302
13309
13315
13322
13324
13324
13329
13363
13373
13374
13389
13405
13406
13413
13459
13466
13470
13487
13493
13497
13516
13523
13538
13541
13555
13564
13567
13599
13606
13607
13618
13621
13641
13653
13670
13694
13701
13715
13717
13721
13737
13749
13751
13761
13769
13774
13785
13811
13812
13815
13832
13847
13862
13872
13883
13885
13887
13889
13892
13900
13902
13918
13923
13927
13930
13934
13935
13939
13944
13949
13971
13971
13971
13991
13995
13997
14008
14031
14050
14054
14056
14058
14083
14086
14088
14108
14108
14112
14136
14142
14149
14150
14181
14192
14198
14198
14202
14219
14256
14282
14283
14315
14338
14364
14376
14386
14394
14399
14404
14411
14413
14418
14423
14441
14448
14463
14463
14501
14501
14512
14514
14520
14524
14527
14538
14545
14584
14588
14593
14613
14614
14637
14640
14642
14645
14648
14653
14654
14660
14675
14678
14684
14694
14711
14734
14770
14780
14781
14789
14799
14801
14801
14812
14816
14817
14817
14836
14858
14866
14897
14905
14927
14935
14938
14947
14996
15005
15006
15034
15048
15056
15057
15058
15082
15088
15116
15126
15129
15140
15148
15153
15167
15176
15210
15210
15216
15223
15226
15233
15234
15236
15254
15261
15265
15266
15278
15305
15306
15330
15335
15339
15351
15381
15382
15390
15401
15412
15425
15435
15451
15464
15465
15470
15490
15495
15498
15508
15519
15531
15534
15539
15547
15549
15549
15610
15613
15634
15639
15645
15649
15668
15690
15710
15721
15729
15742
15750
15753
15776
15782
15798
15803
15825
15856
15860
15862
15874
15876
15896
15897
15899
15922
15931
15935
15940
15946
15950
15956
15986
15996
16002
16009
16030
16033
16036
16051
16065
16066
16067
16072
16075
16091
16091
16095
16099
16105
16111
16117
16117
16124
16125
16128
16135
16140
16152
16154
16156
16169
16171
16205
16216
16217
16220
16221
16229
16241
16243
16247
16250
16256
16260
16261
16270
16271
16272
16324
16331
16337
16340
16348
16355
16355
16369
16419
16429
16430
16438
16440
16447
16450
16455
16455
16466
16467
16469
16474
16488
16493
16500
16510
16523
16534
16539
16540
16549
16555
16577
16587
16600
16615
16633
16634
16640
16646
16650
16654
16669
16702
16707
16747
16749
16751
16758
16759
16772
16834
16841
16851
16895
16898
16899
16909
16930
16930
16932
16942
16946
16950
16952
16957
16966
16997
17016
17017
17028
17035
17042
17044
17047
17060
17070
17073
17082
17092
17093
17095
17116
17123
17136
17141
17141
17156
17175
17178
17184
17185
17185
17196
17202
17217
17224
17247
17250
17268
17277
17277
17279
17282
17288
17294
17314
17316
17321
17358
17359
17384
17406
17406
17412
17429
17445
17446
17458
17459
17463
17498
17502
17506
17508
17538
17541
17544
17547
17554
17566
17567
17568
17570
17575
17582
17594
17604
17631
17639
17648
17649
17660
17670
17686
17691
17720
17722
17724
17732
17734
17742
17754
17760
17775
17793
17809
17809
17810
17825
17833
17834
17842
17858
17874
17876
17882
17935
17956
17973
17989
18005
18018
18024
18056
18065
18076
18079
18104
18108
18108
18117
18122
18125
18131
18150
18151
18158
18160
18165
18185
18185
18190
18191
18203
18235
18236
18237
18237
18242
18246
18253
18264
18289
18296
18326
18326
18378
18394
18398
18418
18418
18419
18447
18447
18449
18451
18457
18461
18467
18476
18482
18486
18508
18510
18514
18551
18558
18565
18567
18568
18594
18603
18607
18620
18628
18628
18653
18655
18658
18658
18705
18705
18719
18733
18747
18752
18752
18763
18771
18777
18786
18791
18792
18801
18809
18811
18817
18835
18846
18853
18860
18862
18866
18874
18876
18903
18903
18909
18917
18943
18944
18945
18948
18956
18962
18968
18973
18985
18997
19018
19020
19031
19035
19042
19069
19073
19075
19077
19081
19081
19088
19101
19102
19113
19118
19126
19150
19158
19160
19162
19164
19171
19185
19190
19200
19205
19205
19217
19219
19225
19226
19260
19266
19279
19288
19291
19292
19301
19302
19305
19327
19331
19333
19340
19349
19354
19359
19362
19364
19370
19376
19380
19390
19412
19420
19421
19423
19427
19430
19436
19440
19447
19448
19457
19481
19487
19495
19503
19516
19520
19530
19534
19536
19541
19541
19583
19592
19593
19594
19605
19607
19640
19641
19655
19678
19701
19717
19717
19724
19744
19757
19771
19773
19803
19806
19837
19848
19880
19916
19924
19935
19939
19945
19950
19950
19963
19987
19987
20006
20006
20020
20039
20042
20050
20060
20084
20091
20095
20115
20128
20131
20153
20161
20162
20169
20169
20172
20173
20173
20236
20240
20246
20264
20270
20293
20296
20357
20361
20371
20378
20393
20408
20422
20425
20436
20441
20461
20469
20484
20484
20486
20489
20499
20505
20511
20513
20527
20529
20532
20549
20551
20562
20568
20586
20604
20607
20614
20632
20660
20689
20697
20697
20710
20722
20728
20735
20738
20738
20753
20759
20764
20767
20783
20789
20790
20798
20800
20802
20805
20831
20836
20848
20849
20852
20853
20854
20868
20871
20894
20895
20897
20898
20911
20919
20926
20935
20944
20959
20960
20965
20966
20969
20975
20976
20986
20994
20997
21009
21019
21028
21064
21091
21092
21101
21113
21118
21121
21124
21141
21156
21180
21214
21225
21234
21237
21245
21262
21264
21270
21281
21289
21295
21298
21309
21327
21336
21358
21381
21387
21397
21409
21415
21439
21443
21451
21460
21486
21491
21492
21497
21515
21531
21534
21555
21595
21649
21665
21669
21677
21699
21704
21711
21725
21727
21730
21739
21744
21744
21753
21773
21785
21788
21802
21814
21820
21821
21826
21833
21839
21861
21863
21870
21874
21893
21895
21925
21930
21932
21938
21956
21957
21969
21990
21993
21994
21996
22002
22005
22012
22024
22033
22033
22034
22038
22041
22041
22043
22046
22072
22091
22096
22102
22105
22107
22108
22138
22142
22148
22164
22168
22173
22178
22182
22187
22191
22198
22207
22216
22219
22228
22233
22247
22255
22257
22270
22273
22282
22286
22293
22299
22301
22326
22327
22329
22342
22343
22352
22364
22377
22377
22387
22395
22403
22405
22408
22412
22429
22430
22430
22432
22440
22446
22461
22491
22501
22513
22517
22524
22533
22536
22539
22542
22561
22574
22591
22592
22594
22595
22597
22605
22627
22637
22653
22655
22664
22668
22687
22705
22716
22721
22730
22751
22755
22766
22778
22790
22792
22807
22834
22836
22843
22847
22861
22863
22887
22892
22896
22903
22910
22916
22925
22930
22940
22941
22952
22955
22958
22959
22981
23016
23018
23024
23059
23060
23061
23079
23091
23095
23112
23157
23173
23183
23194
23198
23201
23202
23203
23203
23206
23207
23222
23238
23280
23287
23288
23294
23294
23294
23299
23305
23305
23308
23312
23316
23329
23353
23355
23382
23383
23404
23416
23416
23428
23429
23438
23440
23441
23445
23447
23448
23467
23475
23493
23507
23516
23520
23524
23525
23538
23542
23543
23557
23559
23563
23569
23581
23592
23599
23601
23612
23619
23654
23657
23679
23692
23727
23736
23740
23750
23751
23764
23769
23781
23783
23784
23787
23788
23805
23810
23821
23841
23857
23876
23885
23889
23920
23944
23950
23957
23970
23974
24016
24021
24026
24030
24031
24032
24047
24066
24072
24072
24082
24101
24110
24123
24125
24131
24137
24138
24139
24146
24150
24151
24176
24177
24179
24216
24221
24222
24222
24255
24260
24261
24287
24291
24305
24310
24324
24338
24343
24346
24348
24367
24394
24404
24425
24436
24452
24465
24472
24473
24492
24492
24496
24505
24506
24539
24548
24555
24562
24567
24584
24588
24595
24606
24636
24644
24657
24658
24678
24746
24759
24764
24769
24773
24774
24777
24778
24784
24791
24792
24808
24811
24813
24860
24865
24865
24866
24894
24903
24909
24911
24915
24961
24967
24968
25013
25016
25018
25034
25051
25063
25087
25106
25140
25141
25166
25171
25172
25174
25188
25203
25206
25211
25214
25219
25220
25239
25245
25260
25277
25291
25312
25316
25326
25328
25330
25334
25337
25340
25348
25353
25358
25362
25362
25380
25381
25384
25394
25395
25397
25399
25414
25422
25434
25497
25516
25525
25538
25555
25560
25566
25567
25568
25576
25579
25579
25585
25605
25606
25615
25631
25658
25662
25673
25674
25677
25678
25684
25696
25717
25722
25728
25766
25770
25786
25787
25787
25791
25801
25835
25843
25845
25850
25858
25862
25894
25914
25917
25917
25921
25923
25933
25964
25973
25999
26006
26034
26036
26038
26047
26049
26058
26065
26071
26088
26096
26128
26131
26131
26132
26144
26145
26157
26161
26163
26166
26169
26170
26174
26176
26197
26198
26211
26231
26235
26235
26244
26265
26271
26273
26305
26310
26313
26313
26341
26344
26361
26382
26399
26401
26410
26412
26424
26429
26446
26448
26449
26457
26461
26504
26506
26509
26511
26514
26533
26539
26556
26568
26573
26577
26592
26599
26608
26608
26622
26645
26646
26651
26652
26653
26653
26658
26661
26669
26694
26702
26704
26718
26723
26725
26755
26760
26764
26772
26777
26800
26802
26809
26815
26816
26824
26844
26857
26866
26874
26886
26888
26897
26898
26902
26918
26921
26925
26942
26951
26954
26966
26968
26970
26985
26998
27003
27008
27011
27017
27020
27023
27024
27047
27085
27089
27093
27094
27099
27119
27125
27139
27157
27158
27172
27173
27180
27181
27194
27198
27209
27222
27242
27250
27250
27264
27268
27285
27302
27304
27309
27321
27322
27336
27339
27352
27357
27368
27370
27398
27406
27408
27413
27418
27441
27442
27459
27460
27490
27491
27495
27496
27513
27514
27533
27537
27541
27550
27552
27573
27584
27598
27617
27631
27640
27646
27665
27668
27683
27685
27700
27705
27711
27737
27747
27774
27786
27804
27815
27829
27835
27841
27844
27852
27864
27879
27886
27887
27895
27935
27942
27956
27985
27992
27999
28011
28024
28027
28041
28061
28068
28102
28120
28122
28135
28137
28142
28188
28192
28203
28206
28216
28222
28224
28237
28239
28240
28243
28259
28259
28261
28280
28292
28294
28312
28314
28358
28365
28371
28372
28381
28387
28399
28400
28424
28426
28445
28448
28459
28465
28485
28488
28509
28517
28526
28527
28546
28561
28578
28586
28606
28609
28617
28625
28628
28635
28652
28657
28670
28675
28687
28722
28726
28726
28763
28781
28785
28786
28788
28790
28795
28803
28805
28805
28807
28808
28826
28827
28829
28844
28862
28873
28876
28889
28907
28912
28924
28924
28930
28933
28944
28945
28947
28955
28963
28985
28994
28997
29012
29019
29054
29068
29086
29087
29091
29099
29129
29129
29151
29154
29155
29158
29161
29165
29169
29190
29205
29206
29216
29226
29243
29250
29292
29295
29297
29298
29308
29321
29327
29330
29338
29358
29376
29392
29406
29409
29417
29439
29449
29463
29482
29491
29500
29502
29508
29519
29520
29525
29529
29542
29560
29567
29574
29614
29650
29651
29690
29702
29707
29708
29710
29716
29730
29766
29781
29781
29794
29809
29833
29849
29861
29878
29878
29905
29905
29907
29914
29924
29929
29937
29948
29950
29955
30018
30019
30020
30028
30040
30059
30068
30071
30097
30111
30117
30119
30123
30124
30127
30143
30152
30165
30181
30184
30208
30216
30223
30236
30243
30252
30258
30276
30293
30297
30298
30303
30305
30305
30324
30335
30366
30387
30389
30421
30431
30437
30444
30466
30491
30492
30505
30510
30531
30541
30569
30594
30605
30608
30640
30643
30644
30645
30684
30691
30702
30707
30752
30758
30759
30763
30764
30772
30773
30774
30775
30776
30776
30778
30792
30835
30846
30851
30858
30873
30879
30887
30890
30899
30902
30906
30909
30928
30933
30939
30940
30941
30953
30960
30960
30961
30969
30971
30984
30986
30991
31012
31018
31021
31056
31110
31126
31152
31158
31161
31186
31188
31191
31225
31225
31230
31234
31235
31239
31246
31250
31258
31265
31288
31324
31327
31328
31337
31350
31355
31356
31362
31368
31368
31386
31401
31425
31427
31430
31440
31448
31457
31487
31490
31492
31493
31503
31528
31537
31542
31555
31586
31590
31591
31601
31627
31636
31637
31640
31661
31674
31722
31727
31736
31739
31743
31753
31762
31766
31785
31791
31792
31795
31802
31810
31810
31835
31868
31882
31903
31925
31942
31943
31980
31997
32003
32032
32037
32037
32039
32039
32044
32049
32057
32061
32070
32073
32074
32075
32089
32092
32095
32099
32101
32102
32105
32111
32121
32134
32162
32173
32174
32193
32229
32232
32234
32234
32245
32248
32249
32274
32277
32278
32289
32291
32292
32300
32311
32314
32326
32340
32348
32382
32421
32426
32429
32449
32461
32476
32484
32494
32499
32502
32539
32541
32556
32558
32558
32564
32567
32588
32621
32622
32653
32677
32701
32732
32735
32782
32806
32823
32837
32855
32863
32872
32874
32893
32893
32905
32909
32916
32920
32934
32934
32947
32950
32974
32977
32984
32993
33000
33003
33008
33022
33023
33024
33063
33064
33070
33075
33082
33084
33103
33115
33131
33138
33139
33150
33151
33154
33164
33178
33180
33186
33194
33200
33206
33207
33214
33223
33238
33258
33274
33293
33298
33303
33334
33336
33337
33356
33368
33379
33387
33400
33401
33418
33429
33429
33430
33453
33460
33462
33466
33484
33495
33504
33507
33519
33519
33522
33545
33556
33571
33577
33590
33597
33607
33609
33611
33611
33622
33624
33662
33682
33684
33684
33695
33714
33721
33727
33733
33762
33765
33765
33767
33777
33787
33809
33818
33823
33851
33873
33879
33883
33891
33895
33905
33908
33916
33928
33932
33935
33939
33951
33985
33991
33997
33999
34003
34018
34023
34047
34048
34056
34071
34071
34108
34133
34137
34141
34155
34159
34191
34195
34206
34226
34226
34272
34283
34296
34304
34304
34308
34310
34317
34320
34347
34359
34374
34397
34401
34432
34432
34445
34448
34452
34456
34464
34472
34482
34489
34493
34496
34528
34533
34552
34556
34562
34563
34570
34571
34574
34582
34590
34597
34605
34605
34629
34634
34647
34661
34674
34684
34685
34690
34698
34698
34703
34703
34714
34723
34729
34737
34752
34763
34780
34813
34814
34814
34822
34823
34826
34827
34827
34854
34856
34871
34877
34883
34912
34919
34943
34946
34947
34957
34970
34980
34983
34983
34987
34995
35014
35019
35022
35044
35047
35048
35054
35067
35084
35091
35105
35110
35129
35129
35134
35137
35141
35165
35172
35181
35190
35206
35218
35227
35237
35241
35245
35247
35248
35253
35281
35281
35282
35307
35313
35326
35326
35327
35329
35339
35340
35345
35363
35369
35380
35392
35393
35397
35411
35413
35414
35463
35496
35501
35519
35519
35527
35553
35569
35588
35591
35592
35608
35609
35625
35626
35659
35667
35667
35669
35673
35674
35681
35691
35696
35707
35711
35720
35730
35734
35734
35741
35743
35745
35768
35777
35786
35787
35801
35812
35822
35840
35873
35879
35880
35884
35929
35929
35936
35937
35956
35958
35976
35991
36011
36028
36030
36053
36056
36067
36071
36079
36105
36127
36130
36137
36144
36155
36158
36159
36160
36187
36190
36197
36215
36215
36220
36222
36227
36243
36256
36259
36272
36274
36276
36300
36314
36328
36334
36336
36352
36354
36387
36389
36405
36422
36430
36433
36438
36449
36453
36462
36477
36481
36487
36493
36499
36504
36504
36516
36586
36594
36611
36615
36627
36637
36637
36641
36666
36673
36674
36680
36682
36689
36719
36754
36755
36759
36764
36768
36785
36796
36826
36827
36830
36837
36841
36858
36859
36869
36873
36874
36874
36880
36907
36908
36916
36937
36939
36948
36952
36957
36978
36982
36983
36988
36990
36998
37002
37013
37021
37024
37028
37033
37041
37063
37079
37089
37092
37095
37115
37121
37127
37130
37139
37141
37167
37185
37200
37200
37201
37208
37210
37216
37228
37243
37258
37265
37268
37272
37282
37284
37290
37330
37343
37347
37364
37376
37386
37391
37393
37419
37458
37460
37464
37473
37476
37523
37526
37542
37546
37569
37575
37576
37582
37590
37591
37608
37640
37644
37644
37652
37656
37669
37674
37676
37686
37698
37701
37704
37711
37719
37733
37733
37737
37765
37798
37836
37837
37841
37877
37893
37917
37928
37946
37954
37968
37988
37998
38001
38015
38021
38039
38047
38050
38054
38083
38090
38098
38132
38145
38147
38148
38150
38156
38158
38161
38165
38180
38181
38185
38229
38231
38265
38271
38275
38281
38283
38284
38288
38312
38317
38320
38321
38327
38330
38336
38350
38369
38378
38381
38383
38387
38391
38417
38426
38446
38461
38462
38470
38470
38471
38487
38493
38497
38503
38525
38549
38549
38558
38559
38567
38567
38575
38577
38586
38590
38603
38621
38645
38652
38678
38679
38679
38694
38700
38702
38703
38715
38716
38718
38723
38725
38748
38755
38762
38763
38774
38780
38784
38800
38810
38813
38830
38840
38848
38859
38864
38865
38868
38878
38880
38894
38895
38937
38954
38955
38955
38958
38990
38990
38994
38996
39004
39007
39013
39014
39022
39022
39037
39045
39049
39054
39061
39120
39125
39127
39130
39138
39147
39170
39192
39196
39199
39206
39215
39222
39235
39256
39260
39266
39283
39300
39326
39335
39350
39367
39380
39388
39391
39393
39404
39404
39406
39415
39442
39444
39468
39472
39508
39519
39530
39532
39562
39564
39571
39583
39603
39610
39627
39635
39640
39644
39669
39681
39748
39759
39761
39785
39795
39808
39811
39812
39829
39829
39834
39839
39844
39848
39849
39852
39863
39864
39876
39876
39885
39886
39909
39917
39933
39950
39952
39961
40007
40013
40041
40043
40050
40067
40069
40073
40075
40076
40078
40085
40087
40088
40092
40095
40128
40141
40147
40164
40173
40175
40184
40187
40188
40195
40216
40221
40260
40288
40293
40297
40311
40323
40350
40354
40377
40401
40404
40405
40415
40419
40436
40448
40449
40450
40458
40471
40472
40493
40501
40517
40529
40551
40554
40563
40564
40565
40577
40580
40585
40588
40589
40593
40599
40611
40635
40638
40643
40651
40656
40702
40703
40714
40719
40736
40744
40771
40774
40779
40796
40801
40827
40846
40854
40866
40866
40871
40876
40877
40882
40889
40899
40911
40927
40940
40948
40951
40960
40971
40973
40994
41010
41037
41043
41063
41082
41088
41090
41090
41124
41129
41134
41139
41139
41148
41160
41168
41188
41198
41202
41204
41218
41223
41239
41239
41248
41265
41303
41307
41310
41313
41321
41321
41352
41366
41403
41422
41428
41449
41450
41458
41469
41485
41498
41501
41506
41530
41550
41552
41552
41555
41594
41599
41599
41605
41617
41630
41635
41653
41668
41695
41708
41724
41729
41744
41747
41752
41769
41787
41793
41799
41806
41874
41877
41883
41889
41893
41934
41967
41974
41977
41980
41991
41992
42007
42014
42044
42051
42054
42062
42063
42086
42105
42123
42158
42167
42178
42196
42197
42204
42211
42213
42228
42236
42293
42298
42300
42308
42335
42338
42349
42357
42363
42366
42368
42375
42384
42395
42418
42429
42436
42440
42482
42483
42485
42486
42492
42497
42497
42509
42531
42554
42571
42588
42588
42589
42590
42591
42619
42632
42636
42653
42660
42672
42676
42699
42710
42724
42733
42734
42739
42773
42780
42781
42790
42794
42817
42832
42835
42839
42851
42857
42865
42870
42903
42917
42917
42930
42944
42950
42993
43002
43004
43017
43024
43025
43038
43050
43059
43068
43077
43103
43152
43172
43182
43189
43204
43239
43254
43260
43273
43281
43282
43295
43317
43321
43325
43335
43364
43365
43371
43377
43386
43391
43422
43429
43429
43438
43438
43445
43454
43456
43462
43469
43484
43486
43494
43556
43567
43593
43634
43659
43665
43683
43701
43703
43705
43706
43726
43732
43746
43751
43751
43752
43768
43769
43795
43821
43824
43830
43846
43848
43861
43873
43881
43882
43886
43900
43911
43915
43916
43922
43939
43940
43957
43969
43984
43990
44007
44009
44020
44024
44033
44037
44043
44043
44044
44048
44050
44071
44084
44096
44096
44102
44132
44147
44170
44198
44208
44210
44231
44235
44236
44239
44264
44265
44267
44268
44294
44297
44299
44301
44309
44318
44351
44354
44366
44370
44386
44406
44428
44429
44440
44461
44478
44488
44492
44496
44501
44507
44527
44530
44534
44537
44540
44544
44551
44565
44574
44585
44600
44614
44624
44647
44649
44651
44665
44674
44686
44688
44688
44697
44705
44719
44721
44726
44730
44747
44758
44775
44778
44778
44789
44816
44819
44820
44823
44824
44825
44831
44855
44857
44862
44875
44879
44899
44902
44904
44919
44920
44945
44945
44963
44977
44982
45005
45015
45018
45021
45033
45034
45043
45054
45054
45064
45074
45083
45083
45084
45091
45100
45106
45108
45118
45136
45144
45147
45157
45179
45191
45197
45205
45208
45226
45228
45230
45258
45260
45267
45270
45270
45290
45291
45297
45309
45319
45324
45324
45326
45330
45376
45383
45389
45390
45401
45410
45415
45416
45432
45473
45483
45485
45487
45487
45488
45489
45490
45495
45511
45521
45529
45534
45534
45539
45551
45551
45563
45592
45630
45631
45658
45670
45692
45703
45704
45730
45746
45747
45765
45773
45775
45787
45792
45798
45819
45821
45821
45830
45831
45885
45895
45902
45942
45951
45976
45980
45999
46008
46018
46019
46039
46040
46054
46073
46082
46093
46102
46116
46120
46128
46136
46140
46146
46169
46185
46229
46239
46245
46246
46247
46250
46255
46268
46277
46278
46287
46291
46292
46308
46334
46342
46351
46356
46365
46370
46381
46387
46388
46411
46413
46414
46415
46427
46452
46483
46492
46494
46524
46543
46547
46550
46551
46553
46553
46561
46563
46572
46576
46580
46588
46589
46591
46620
46621
46625
46633
46648
46677
46678
46686
46693
46705
46711
46712
46729
46769
46769
46769
46791
46795
46825
46828
46829
46832
46833
46846
46848
46850
46853
46855
46869
46869
46871
46895
46895
46897
46913
46926
46940
46943
46962
46978
47028
47036
47037
47042
47043
47052
47070
47071
47085
47120
47138
47178
47179
47179
47181
47190
47195
47210
47224
47228
47228
47242
47248
47256
47272
47279
47284
47288
47295
47320
47327
47330
47336
47340
47352
47367
47368
47375
47375
47387
47396
47398
47407
47409
47415
47434
47443
47446
47451
47452
47452
47453
47469
47472
47482
47485
47492
47496
47499
47511
47516
47520
47535
47535
47555
47568
47572
47598
47600
47626
47641
47642
47644
47646
47661
47662
47678
47685
47687
47707
47733
47740
47758
47758
47775
47776
47777
47780
47794
47797
47846
47848
47870
47890
47894
47919
47929
47975
47984
47984
47989
47997
47998
47998
48001
48005
48022
48029
48029
48037
48051
48065
48075
48076
48089
48095
48096
48122
48130
48131
48143
48143
48146
48152
48154
48160
48176
48182
48195
48206
48212
48216
48227
48248
48251
48264
48268
48306
48335
48336
48342
48347
48348
48360
48365
48366
48388
48393
48401
48402
48402
48413
48416
48426
48431
48433
48445
48447
48453
48474
48474
48481
48481
48499
48500
48506
48507
48519
48523
48523
48530
48541
48567
48567
48570
48587
48600
48605
48610
48618
48624
48627
48627
48629
48633
48655
48665
48672
48678
48682
48688
48697
48708
48709
48712
48719
48721
48727
48739
48788
48830
48837
48851
48861
48867
48882
48892
48895
48897
48898
48900
48902
48978
48978
48990
48991
49005
49011
49017
49024
49024
49026
49026
49079
49079
49110
49112
49116
49118
49123
49145
49154
49155
49158
49165
49176
49178
49193
49196
49208
49223
49239
49251
49254
49266
49292
49293
49295
49295
49300
49300
49315
49320
49340
49374
49382
49394
49396
49401
49447
49459
49477
49485
49493
49503
49518
49543
49543
49564
49584
49611
49612
49614
49615
49638
49639
49647
49660
49677
49677
49681
49717
49719
49721
49723
49731
49731
49738
49747
49759
49763
49765
49774
49777
49795
49798
49808
49809
49810
49811
49833
49834
49885
49888
49909
49910
49947
49956
49959
49965
49967
49998
50002
50002
50009
50012
50031
50033
50052
50053
50064
50064
50071
50074
50083
50085
50089
50094
50105
50110
50123
50124
50126
50128
50129
50178
50187
50187
50198
50213
50232
50245
50251
50254
50255
50255
50255
50257
50260
50263
50267
50271
50273
50291
50294
50302
50304
50305
50311
50324
50340
50344
50353
50354
50360
50386
50400
50441
50447
50461
50463
50467
50472
50500
50509
50532
50533
50544
50552
50562
50574
50575
50611
50615
50628
50628
50636
50650
50655
50659
50683
50701
50708
50724
50732
50733
50741
50742
50748
50754
50763
50767
50769
50773
50775
50790
50800
50809
50812
50820
50827
50847
50847
50858
50860
50881
50887
50888
50908
50917
50998
51014
51015
51016
51020
51046
51073
51075
51077
51092
51104
51109
51122
51135
51137
51139
51143
51143
51149
51161
51173
51174
51185
51187
51193
51202
51214
51226
51236
51239
51250
51296
51305
51319
51321
51324
51328
51334
51342
51353
51379
51392
51395
51404
51427
51433
51435
51450
51464
51468
51477
51477
51478
51487
51499
51501
51504
51515
51529
51531
51547
51560
51572
51577
51585
51585
51586
51594
51602
51606
51634
51653
51660
51681
51693
51719
51736
51743
51744
51747
51762
51769
51788
51795
51817
51820
51821
51826
51879
51885
51900
51949
51971
51980
51987
51989
51990
51991
51997
52005
52019
52040
52041
52042
52043
52045
52064
52066
52075
52098
52102
52112
52161
52162
52168
52177
52214
52227
52252
52256
52275
52278
52281
52294
52299
52303
52313
52325
52328
52337
52347
52353
52367
52369
52387
52411
52434
52465
52471
52474
52482
52482
52488
52493
52494
52507
52513
52529
52539
52545
52552
52568
52575
52605
52618
52622
52624
52629
52631
52635
52647
52684
52702
52716
52733
52742
52743
52747
52761
52775
52778
52787
52791
52792
52796
52806
52832
52834
52848
52862
52862
52879
52889
52911
52912
52919
52922
52927
52928
52950
52951
52959
52960
52977
52979
52987
52997
53007
53024
53032
53040
53047
53065
53080
53101
53125
53125
53128
53144
53145
53147
53150
53151
53157
53166
53171
53188
53189
53189
53196
53199
53204
53216
53220
53221
53240
53276
53287
53296
53304
53304
53313
53320
53334
53348
53362
53385
53406
53409
53415
53419
53427
53429
53448
53490
53492
53500
53511
53517
53539
53541
53542
53543
53580
53597
53613
53622
53643
53643
53645
53662
53667
53675
53682
53684
53695
53697
53715
53763
53769
53802
53811
53815
53826
53827
53843
53854
53866
53866
53868
53871
53878
53883
53885
53886
53896
53903
53915
53917
53919
53940
53943
53947
53955
53960
53960
53965
53969
53970
54011
54025
54033
54043
54063
54074
54076
54082
54090
54092
54098
54099
54099
54099
54104
54107
54117
54125
54131
54141
54147
54155
54164
54167
54181
54183
54188
54195
54207
54213
54225
54227
54229
54258
54260
54280
54284
54290
54295
54328
54329
54329
54341
54350
54354
54365
54366
54388
54392
54404
54415
54422
54438
54444
54447
54462
54467
54509
54526
54527
54530
54539
54553
54569
54587
54590
54596
54603
54604
54632
54632
54661
54672
54674
54684
54715
54719
54720
54733
54740
54755
54763
54787
54812
54820
54832
54834
54841
54862
54864
54885
54886
54888
54909
54914
54919
54932
54946
54947
54969
54978
55019
55028
55052
55067
55077
55082
55113
55116
55118
55141
55149
55159
55160
55163
55182
55192
55197
55200
55230
55231
55233
55234
55234
55238
55252
55261
55285
55289
55300
55303
55307
55324
55328
55333
55337
55341
55352
55354
55367
55382
55383
55383
55412
55423
55424
55433
55436
55459
55473
55505
55512
55543
55555
55563
55564
55568
55577
55577
55591
55595
55604
55608
55611
55625
55630
55631
55634
55658
55663
55711
55715
55720
55728
55734
55737
55747
55764
55767
55772
55777
55777
55789
55794
55805
55806
55809
55813
55826
55857
55867
55870
55873
55896
55899
55904
55933
55937
55939
55940
55952
55973
55978
55989
55998
56043
56044
56056
56058
56067
56082
56099
56109
56110
56123
56129
56133
56133
56143
56152
56182
56188
56191
56209
56218
56257
56259
56265
56272
56290
56299
56339
56341
56355
56376
56388
56388
56392
56392
56397
56408
56425
56430
56433
56434
56447
56449
56469
56478
56480
56490
56490
56491
56509
56511
56531
56553
56555
56562
56570
56585
56592
56601
56616
56619
56619
56621
56624
56625
56632
56650
56657
56670
56676
56679
56683
56688
56689
56700
56701
56710
56714
56726
56729
56738
56748
56758
56789
56792
56795
56803
56814
56817
56820
56830
56832
56838
56842
56843
56852
56857
56869
56877
56881
56904
56912
56915
56918
56928
56932
56943
56959
56971
56976
56976
57023
57035
57052
57056
57081
57097
57103
57107
57116
57131
57143
57160
57200
57221
57225
57230
57237
57237
57258
57261
57266
57303
57309
57326
57345
57355
57361
57367
57372
57409
57437
57447
57458
57461
57465
57473
57510
57512
57513
57522
57523
57533
57540
57571
57578
57581
57598
57603
57621
57621
57631
57662
57663
57667
57670
57670
57676
57678
57688
57693
57703
57717
57731
57754
57756
57770
57772
57794
57796
57807
57818
57841
57861
57903
57912
57915
57918
57945
57971
57977
57992
57999
58001
58002
58023
58024
58026
58028
58032
58052
58054
58055
58070
58083
58092
58095
58107
58110
58117
58125
58133
58185
58186
58210
58219
58233
58257
58258
58261
58262
58271
58271
58290
58307
58318
58321
58323
58344
58348
58356
58366
58381
58391
58426
58436
58437
58441
58450
58457
58518
58532
58548
58571
58574
58591
58607
58628
58629
58642
58661
58677
58698
58699
58700
58702
58706
58727
58733
58744
58753
58781
58791
58794
58801
58801
58804
58815
58824
58826
58827
58857
58861
58864
58875
58890
58899
58909
58925
58926
58956
58963
58968
58970
58977
58989
58995
58997
59016
59017
59059
59091
59092
59130
59132
59135
59139
59155
59157
59162
59169
59190
59197
59201
59203
59212
59217
59221
59227
59232
59235
59254
59265
59278
59296
59306
59308
59316
59317
59326
59338
59347
59356
59356
59367
59374
59386
59390
59399
59416
59427
59446
59446
59470
59471
59474
59477
59480
59488
59496
59501
59510
59528
59544
59552
59555
59561
59575
59577
59603
59603
59618
59620
59632
59634
59640
59652
59657
59673
59684
59709
59711
59721
59738
59746
59760
59766
59768
59773
59785
59790
59804
59811
59816
59819
59820
59834
59865
59868
59896
59929
59929
59940
59949
59953
59957
59964
59968
59971
59980
60000
60000
60006
60009
60015
60029
60030
60050
60054
60054
60055
60057
60061
60082
60091
60100
60100
60105
60107
60117
60162
60183
60184
60187
60229
60236
60251
60261
60270
60280
60281
60287
60290
60293
60306
60320
60337
60354
60359
60375
60379
60380
60393
60397
60402
60412
60451
60493
60495
60495
60499
60513
60518
60531
60541
60543
60549
60559
60575
60592
60596
60597
60597
60603
60614
60621
60630
60643
60675
60704
60708
60716
60738
60752
60756
60757
60758
60794
60802
60810
60811
60858
60872
60909
60911
60924
60958
60960
60979
60988
60992
60998
61003
61019
61028
61042
61049
61051
61056
61065
61076
61078
61080
61088
61121
61128
61130
61140
61141
61147
61150
61152
61153
61154
61158
61175
61181
61192
61238
61247
61256
61258
61298
61314
61343
61344
61354
61354
61367
61394
61421
61449
61452
61465
61473
61482
61490
61522
61528
61529
61535
61565
61568
61569
61592
61632
61637
61637
61648
61649
61660
61668
61671
61674
61678
61680
61683
61687
61689
61690
61691
61709
61718
61728
61730
61737
61742
61746
61750
61760
61764
61765
61771
61774
61793
61797
61805
61807
61812
61824
61853
61857
61860
61868
61874
61879
61887
61901
61903
61909
61919
61919
61922
61928
61930
61957
61982
61992
61997
61998
62010
62030
62036
62052
62070
62070
62075
62093
62104
62112
62125
62142
62159
62162
62167
62174
62190
62197
62198
62245
62252
62259
62267
62272
62275
62276
62284
62287
62290
62295
62298
62311
62315
62316
62326
62328
62328
62332
62338
62345
62381
62382
62383
62387
62417
62422
62427
62432
62433
62459
62462
62494
62497
62501
62505
62508
62509
62521
62548
62549
62560
62564
62565
62566
62576
62584
62593
62601
62639
62640
62650
62653
62673
62698
62702
62719
62721
62755
62761
62767
62796
62803
62807
62831
62845
62848
62858
62880
62881
62901
62919
62924
62933
62935
62946
62946
62950
62952
62958
62959
62965
62973
62976
62993
63000
63008
63037
63038
63039
63043
63044
63047
63073
63074
63079
63085
63102
63103
63133
63134
63142
63161
63180
63182
63194
63199
63201
63221
63250
63261
63289
63291
63292
63302
63326
63329
63334
63339
63342
63352
63369
63371
63422
63439
63459
63462
63479
63488
63492
63496
63498
63502
63525
63547
63552
63559
63559
63566
63575
63591
63594
63611
63629
63634
63639
63646
63646
63656
63675
63678
63698
63730
63749
63761
63768
63771
63778
63788
63794
63795
63810
63817
63822
63828
63829
63853
63859
63874
63905
63908
63921
63924
63925
63926
63927
63942
63951
63953
63954
63959
63968
63970
63971
63982
63994
63995
64015
64027
64030
64031
64038
64046
64050
64089
64092
64099
64106
64120
64126
64165
64183
64192
64194
64214
64226
64228
64241
64261
64286
64286
64287
64293
64304
64327
64329
64336
64350
64351
64361
64363
64371
64390
64399
64402
64429
64431
64443
64444
64454
64473
64481
64482
64489
64511
64523
64525
64526
64526
64543
64557
64577
64617
64627
64648
64663
64673
64681
64682
64683
64684
64703
64758
64778
64779
64789
64793
64795
64798
64802
64811
64815
64820
64826
64829
64836
64840
64841
64855
64872
64873
64894
64902
64903
64921
64922
64923
64933
64933
64937
64948
64958
64960
64968
65003
65015
65030
65045
65055
65070
65081
65082
65085
65101
65110
65116
65124
65129
65132
65136
65155
65156
65160
65170
65187
65190
65194
65197
65199
65204
65221
65221
65221
65222
65224
65239
65262
65278
65320
65323
65367
65376
65376
65383
65386
65392
65404
65405
65405
65406
65408
65418
65422
65440
65443
65450
65452
65458
65470
65484
65484
65510
65513
65523
65538
65558
65574
65588
65596
65626
65627
65644
65658
65667
65684
65724
65726
65731
65737
65738
65741
65741
65745
65758
65761
65783
65790
65813
65819
65828
65841
65853
65853
65872
65876
65880
65899
65915
65916
65918
65959
65966
65970
65975
65980
65982
65985
66010
66022
66027
66037
66048
66052
66057
66065
66067
66068
66071
66076
66084
66093
66102
66104
66119
66125
66128
66132
66144
66144
66147
66147
66150
66174
66190
66195
66195
66223
66226
66230
66250
66257
66265
66290
66318
66328
66329
66333
66343
66343
66344
66357
66368
66377
66383
66393
66407
66409
66414
66423
66430
66445
66446
66462
66464
66468
66468
66484
66488
66489
66497
66502
66538
66546
66550
66558
66560
66583
66587
66591
66593
66597
66602
66609
66616
66618
66624
66633
66651
66660
66682
66693
66698
66705
66708
66713
66749
66762
66765
66769
66781
66789
66797
66798
66806
66811
66819
66822
66822
66826
66830
66834
66840
66849
66854
66859
66878
66903
66930
66949
66951
66952
66974
66976
66995
66996
66997
67038
67040
67047
67052
67058
67061
67090
67107
67124
67128
67138
67178
67183
67184
67199
67200
67214
67224
67235
67238
67251
67270
67277
67280
67293
67298
67309
67325
67333
67339
67345
67362
67368
67373
67395
67396
67403
67423
67424
67432
67446
67456
67481
67488
67502
67503
67523
67524
67529
67539
67556
67564
67579
67588
67597
67601
67606
67610
67622
67622
67638
67638
67655
67661
67668
67673
67695
67698
67703
67706
67712
67716
67717
67722
67726
67732
67735
67738
67745
67751
67756
67765
67771
67799
67819
67851
67853
67858
67869
67870
67871
67874
67877
67878
67918
67931
67936
67945
67971
67972
67972
67991
67995
67999
68012
68013
68024
68037
68057
68072
68099
68108
68112
68113
68117
68128
68134
68140
68145
68147
68156
68157
68159
68161
68165
68190
68207
68217
68233
68265
68276
68277
68278
68291
68296
68304
68340
68364
68365
68379
68385
68395
68400
68400
68400
68428
68429
68448
68449
68483
68483
68485
68497
68505
68507
68524
68543
68544
68552
68570
68592
68613
68617
68625
68630
68633
68636
68655
68682
68682
68690
68691
68715
68718
68736
68755
68767
68776
68781
68785
68785
68797
68819
68825
68826
68831
68838
68838
68851
68859
68865
68898
68921
68922
68967
68973
68975
68978
68981
69005
69023
69028
69029
69031
69052
69079
69081
69082
69087
69092
69101
69131
69146
69148
69162
69167
69169
69180
69185
69208
69225
69233
69241
69258
69344
69348
69351
69367
69371
69378
69381
69389
69398
69402
69410
69411
69433
69438
69441
69448
69452
69459
69461
69485
69488
69493
69509
69513
69517
69529
69529
69533
69539
69539
69560
69568
69587
69590
69592
69616
69616
69634
69665
69680
69711
69742
69756
69756
69763
69787
69791
69793
69793
69797
69817
69819
69830
69840
69842
69884
69884
69900
69907
69908
69912
69918
69938
69940
69943
69958
69958
69969
69973
69977
69987
70004
70020
70038
70038
70039
70073
70087
70115
70121
70124
70125
70125
70137
70160
70164
70171
70182
70211
70217
70246
70250
70255
70270
70270
70280
70286
70287
70289
70291
70297
70312
70327
70331
70331
70338
70348
70348
70351
70381
70388
70393
70410
70445
70449
70461
70462
70479
70492
70492
70493
70497
70505
70507
70515
70521
70525
70563
70570
70593
70621
70642
70681
70689
70712
70720
70728
70733
70743
70758
70781
70792
70798
70802
70807
70819
70848
70868
70869
70879
70880
70883
70888
70889
70894
70912
70920
70928
70983
70984
70985
71000
71001
71001
71007
71009
71010
71018
71029
71044
71044
71047
71049
71054
71055
71059
71077
71084
71088
71115
71117
71126
71138
71138
71148
71150
71156
71162
71167
71167
71173
71174
71182
71193
71199
71202
71207
71221
71233
71247
71255
71276
71324
71339
71361
71362
71377
71389
71393
71402
71403
71436
71446
71473
71476
71476
71476
71479
71488
71503
71511
71523
71560
71565
71587
71638
71653
71678
71691
71691
71693
71695
71705
71708
71711
71715
71727
71745
71753
71755
71760
71775
71775
71795
71802
71824
71824
71845
71881
71885
71893
71895
71904
71909
71909
71910
71925
71933
71942
71958
71972
71995
72001
72001
72002
72021
72026
72029
72034
72053
72059
72065
72072
72072
72073
72084
72102
72125
72148
72155
72156
72163
72175
72191
72203
72213
72214
72224
72226
72232
72235
72250
72261
72262
72294
72297
72306
72321
72323
72327
72354
72375
72380
72383
72405
72411
72418
72441
72442
72464
72468
72484
72486
72487
72498
72516
72526
72532
72554
72556
72583
72590
72593
72602
72604
72607
72607
72613
72619
72620
72622
72632
72634
72634
72636
72642
72658
72658
72662
72670
72673
72673
72693
72696
72700
72704
72711
72730
72735
72744
72758
72762
72764
72784
72785
72785
72799
72806
72814
72836
72877
72879
72883
72887
72889
72891
72927
72933
72936
72944
72945
72966
72981
72997
73000
73022
73033
73040
73054
73060
73068
73110
73137
73141
73153
73166
73169
73173
73182
73186
73192
73199
73202
73210
73269
73274
73288
73289
73295
73304
73318
73333
73340
73341
73349
73350
73370
73371
73379
73389
73392
73399
73403
73414
73417
73436
73439
73440
73447
73479
73481
73485
73488
73496
73502
73506
73514
73516
73529
73534
73538
73560
73568
73568
73588
73592
73623
73628
73628
73631
73641
73656
73680
73704
73719
73731
73744
73765
73770
73789
73791
73794
73798
73803
73814
73816
73820
73829
73833
73848
73848
73850
73851
73856
73866
73866
73871
73872
73877
73880
73883
73918
73925
73940
73941
73943
73950
73951
73953
73961
73965
73991
73998
74006
74012
74019
74027
74027
74049
74065
74068
74070
74070
74090
74104
74113
74124
74134
74187
74194
74212
74223
74233
74247
74277
74286
74296
74316
74318
74324
74359
74367
74392
74397
74407
74419
74433
74447
74450
74456
74466
74496
74503
74510
74536
74538
74549
74551
74566
74571
74581
74582
74603
74619
74636
74642
74683
74687
74722
74724
74730
74760
74763
74772
74783
74784
74788
74790
74802
74802
74803
74818
74832
74845
74864
74873
74883
74883
74884
74885
74888
74918
74932
74950
74952
74957
74968
74970
74970
74972
74975
74977
74982
75011
75012
75018
75024
75028
75056
75057
75058
75077
75083
75097
75106
75110
75112
75114
75114
75123
75123
75155
75156
75199
75206
75219
75219
75223
75224
75227
75231
75261
75261
75267
75271
75276
75287
75317
75321
75322
75352
75359
75359
75387
75401
75407
75408
75413
75414
75430
75445
75452
75457
75475
75483
75516
75526
75533
75552
75570
75572
75580
75616
75617
75618
75624
75635
75641
75644
75670
75677
75680
75705
75729
75738
75740
75744
75744
75766
75777
75781
75790
75806
75813
75816
75857
75861
75862
75868
75874
75882
75884
75891
75906
75910
75928
75928
75954
75975
75979
75979
75987
76013
76022
76023
76043
76051
76078
76089
76092
76104
76122
76126
76131
76140
76150
76170
76173
76175
76176
76181
76218
76219
76225
76225
76230
76230
76235
76240
76243
76244
76251
76256
76257
76258
76260
76264
76275
76280
76292
76308
76336
76348
76349
76363
76365
76369
76377
76389
76427
76441
76442
76446
76452
76469
76487
76506
76510
76539
76555
76568
76586
76591
76600
76618
76621
76622
76648
76648
76654
76661
76664
76672
76673
76700
76713
76724
76732
76738
76764
76771
76774
76781
76781
76783
76785
76788
76791
76804
76838
76839
76846
76846
76851
76883
76898
76899
76899
76915
76926
76939
76966
76983
76988
77010
77014
77015
77018
77026
77053
77055
77058
77085
77092
77108
77109
77121
77123
77126
77141
77152
77162
77164
77172
77185
77189
77204
77208
77217
77218
77260
77266
77291
77305
77314
77338
77341
77359
77363
77365
77374
77376
77378
77390
77414
77419
77437
77441
77442
77468
77469
77471
77480
77487
77498
77501
77503
77504
77505
77539
77555
77560
77561
77584
77590
77592
77602
77611
77617
77623
77623
77625
77646
77668
77680
77686
77691
77695
77695
77695
77700
77718
77719
77719
77725
77729
77751
77752
77753
77771
77774
77806
77823
77844
77854
77857
77883
77884
77889
77905
77919
77949
77950
77951
77957
77964
77972
77972
77982
78003
78004
78005
78010
78018
78043
78045
78047
78051
78069
78071
78076
78124
78126
78131
78146
78147
78156
78174
78175
78176
78180
78182
78187
78188
78195
78199
78207
78225
78227
78242
78251
78258
78260
78338
78342
78355
78385
78399
78409
78416
78425
78441
78469
78492
78498
78500
78507
78517
78517
78521
78539
78540
78593
78605
78612
78650
78661
78662
78666
78674
78675
78686
78691
78694
78722
78727
78737
78763
78780
78824
78829
78848
78850
78851
78852
78855
78856
78860
78866
78913
78964
78980
78991
79000
79037
79038
79083
79089
79096
79108
79112
79118
79137
79139
79146
79173
79175
79184
79187
79193
79208
79219
79228
79240
79246
79263
79270
79270
79280
79286
79293
79297
79323
79335
79343
79346
79371
79374
79382
79398
79422
79423
79445
79454
79462
79466
79466
79471
79475
79498
79520
79531
79532
79541
79546
79553
79562
79568
79570
79575
79594
79601
79614
79631
79641
79665
79691
79704
79705
79710
79717
79744
79760
79772
79778
79782
79783
79792
79803
79831
79842
79843
79847
79852
79861
79866
79877
79886
79894
79909
79912
79916
79921
79928
79934
79945
79958
79959
79970
79983
79989
80017
80018
80019
80022
80060
80099
80109
80124
80125
80130
80131
80132
80150
80151
80155
80164
80169
80178
80184
80201
80207
80227
80227
80229
80230
80238
80255
80260
80262
80263
80271
80283
80287
80293
80298
80301
80309
80324
80368
80382
80390
80397
80408
80430
80438
80457
80460
80520
80525
80527
80530
80533
80534
80539
80541
80549
80549
80551
80560
80570
80571
80571
80590
80596
80602
80604
80606
80637
80652
80654
80684
80686
80686
80710
80711
80745
80752
80769
80777
80825
80831
80839
80844
80870
80879
80880
80887
80903
80922
80923
80929
80942
80947
80948
80953
80958
80968
81004
81020
81033
81036
81053
81087
81093
81096
81107
81124
81136
81164
81199
81210
81217
81222
81227
81245
81273
81275
81305
81325
81338
81343
81352
81398
81410
81414
81418
81424
81435
81466
81468
81469
81487
81495
81505
81509
81516
81520
81531
81556
81561
81563
81601
81605
81617
81628
81646
81653
81660
81661
81691
81701
81702
81703
81713
81725
81735
81760
81764
81765
81776
81777
81777
81802
81807
81811
81816
81852
81859
81862
81863
81877
81877
81878
81885
81885
81888
81895
81906
81917
81922
81926
81937
81941
81974
81976
81984
82015
82024
82031
82040
82051
82058
82061
82067
82070
82113
82132
82135
82141
82153
82161
82165
82196
82197
82200
82207
82212
82256
82272
82272
82281
82291
82314
82316
82329
82339
82340
82341
82347
82354
82363
82380
82395
82410
82415
82425
82428
82432
82438
82439
82445
82461
82467
82468
82473
82475
82476
82494
82525
82540
82585
82607
82620
82640
82650
82665
82670
82680
82691
82693
82701
82705
82720
82736
82752
82767
82776
82782
82791
82800
82816
82822
82824
82831
82841
82854
82854
82858
82866
82885
82893
82894
82895
82913
82934
82994
83018
83032
83033
83037
83045
83086
83086
83087
83089
83089
83121
83158
83163
83172
83175
83191
83196
83203
83203
83221
83224
83234
83243
83254
83256
83282
83297
83304
83304
83305
83317
83328
83333
83347
83349
83363
83373
83394
83398
83399
83404
83412
83413
83423
83423
83427
83438
83446
83449
83453
83459
83502
83535
83539
83540
83541
83548
83562
83568
83573
83599
83632
83653
83667
83668
83676
83676
83719
83728
83728
83739
83746
83758
83779
83782
83805
83845
83853
83856
83859
83881
83899
83918
83954
83959
84008
84026
84029
84072
84073
84083
84097
84100
84101
84113
84121
84130
84149
84155
84170
84173
84177
84180
84196
84200
84201
84208
84212
84217
84241
84265
84268
84274
84275
84279
84281
84285
84293
84295
84304
84316
84325
84363
84368
84397
84411
84417
84422
84448
84455
84472
84489
84493
84507
84524
84538
84543
84546
84565
84580
84601
84622
84634
84637
84655
84663
84673
84673
84681
84697
84699
84706
84720
84747
84762
84765
84766
84785
84787
84796
84813
84822
84830
84833
84834
84851
84858
84863
84890
84909
84919
84922
84928
84931
84943
84951
84965
84968
84988
85027
85038
85047
85055
85056
85057
85080
85093
85107
85121
85144
85148
85155
85161
85180
85186
85189
85192
85194
85197
85200
85200
85206
85206
85214
85239
85247
85250
85259
85270
85274
85288
85291
85293
85308
85315
85337
85342
85372
85375
85387
85388
85392
85405
85427
85427
85429
85446
85473
85479
85481
85488
85491
85504
85507
85508
85509
85514
85523
85524
85543
85545
85589
85592
85609
85635
85643
85645
85673
85678
85701
85713
85740
85740
85746
85747
85753
85754
85756
85759
85771
85796
85809
85820
85837
85877
85889
85890
85901
85906
85908
85924
85949
85973
85992
85995
86024
86030
86035
86035
86049
86053
86059
86060
86106
86129
86129
86142
86148
86156
86158
86197
86207
86209
86217
86222
86227
86228
86230
86239
86249
86252
86253
86255
86265
86272
86285
86285
86301
86306
86307
86311
86312
86318
86320
86320
86334
86336
86339
86344
86355
86359
86385
86387
86389
86406
86432
86433
86441
86443
86451
86453
86456
86464
86470
86481
86481
86507
86529
86529
86531
86584
86594
86629
86657
86665
86667
86668
86668
86682
86688
86698
86709
86710
86716
86734
86737
86743
86747
86755
86764
86767
86767
86767
86773
86814
86846
86852
86866
86873
86878
86897
86904
86918
86923
86932
86947
86953
86967
86975
86978
86979
86990
86990
86991
87006
87039
87058
87068
87080
87085
87087
87091
87097
87113
87126
87127
87132
87135
87143
87159
87168
87184
87187
87191
87192
87194
87196
87199
87212
87227
87237
87298
87308
87330
87331
87335
87344
87347
87351
87378
87393
87410
87416
87423
87438
87454
87455
87459
87484
87484
87501
87505
87517
87524
87532
87532
87535
87537
87537
87543
87561
87570
87571
87583
87587
87601
87601
87601
87619
87634
87640
87661
87661
87663
87666
87678
87682
87689
87694
87709
87711
87712
87720
87728
87740
87744
87751
87759
87761
87765
87771
87772
87777
87784
87787
87798
87800
87804
87815
87829
87850
87855
87885
87892
87903
87920
87928
87929
87938
87943
87954
87957
87959
87965
87974
87982
87983
87990
87998
88012
88019
88020
88028
88031
88052
88110
88115
88117
88132
88132
88157
88161
88171
88175
88209
88210
88229
88230
88245
88264
88303
88309
88311
88315
88316
88318
88324
88338
88340
88356
88359
88371
88404
88412
88412
88422
88428
88435
88455
88465
88475
88475
88516
88520
88535
88540
88550
88575
88583
88585
88612
88614
88629
88631
88637
88669
88681
88689
88701
88710
88712
88724
88732
88737
88752
88778
88778
88778
88778
88783
88787
88790
88791
88820
88821
88836
88838
88838
88850
88864
88866
88872
88876
88884
88898
88923
88925
88955
88968
88981
88981
88990
89003
89013
89014
89023
89039
89063
89073
89080
89095
89104
89115
89124
89125
89127
89129
89142
89160
89169
89173
89175
89197
89211
89225
89234
89237
89261
89271
89292
89301
89305
89306
89324
89326
89326
89328
89349
89359
89369
89376
89384
89391
89409
89413
89424
89436
89439
89482
89492
89498
89504
89529
89563
89570
89572
89596
89606
89618
89619
89645
89673
89676
89684
89686
89694
89728
89734
89736
89742
89745
89772
89773
89774
89792
89813
89834
89836
89839
89839
89845
89869
89874
89877
89878
89886
89889
89889
89918
89924
89936
89945
89950
89966
89993
90001
90002
90022
90024
90028
90033
90049
90058
90062
90072
90079
90086
90087
90108
90116
90119
90121
90159
90169
90174
90177
90178
90180
90181
90182
90193
90201
90213
90245
90256
90257
90261
90268
90280
90295
90307
90359
90361
90365
90369
90372
90416
90418
90429
90429
90460
90496
90505
90514
90524
90528
90529
90539
90547
90564
90580
90591
90592
90597
90614
90627
90637
90643
90647
90667
90676
90699
90703
90718
90721
90745
90753
90754
90766
90770
90776
90784
90801
90817
90822
90853
90860
90866
90867
90869
90869
90885
90886
90923
90931
90931
90953
90959
90960
90961
90965
90980
90983
90987
90988
91003
91006
91010
91027
91028
91043
91047
91077
91088
91101
91105
91108
91110
91126
91139
91140
91162
91172
91183
91186
91187
91188
91202
91217
91244
91252
91255
91263
91270
91276
91282
91299
91309
91310
91313
91314
91335
91385
91404
91413
91431
91435
91441
91467
91473
91486
91487
91492
91500
91515
91522
91545
91566
91569
91584
91587
91607
91609
91615
91632
91639
91639
91644
91648
91654
91663
91665
91687
91695
91705
91720
91736
91743
91743
91744
91750
91752
91753
91756
91762
91795
91798
91801
91805
91834
91841
91845
91846
91848
91880
91894
91926
91954
91958
91959
91976
91978
91981
91983
91987
92009
92025
92036
92037
92046
92060
92062
92087
92108
92119
92123
92140
92162
92178
92188
92191
92201
92204
92210
92211
92219
92235
92239
92268
92278
92291
92293
92294
92301
92302
92328
92332
92335
92336
92347
92350
92351
92352
92372
92374
92377
92378
92380
92380
92394
92397
92407
92426
92432
92436
92439
92449
92454
92479
92481
92490
92499
92500
92503
92512
92516
92539
92560
92587
92595
92596
92598
92608
92610
92613
92614
92623
92632
92686
92693
92710
92725
92727
92729
92732
92735
92736
92740
92748
92755
92771
92778
92781
92790
92793
92801
92804
92813
92820
92857
92858
92877
92891
92894
92906
92922
92924
92931
92935
92937
92940
92957
92957
92973
92975
92984
92995
93011
93019
93027
93054
93054
93055
93060
93070
93079
93081
93094
93094
93099
93108
93120
93136
93142
93148
93153
93162
93170
93246
93246
93256
93260
93275
93317
93321
93326
93369
93369
93383
93398
93404
93410
93419
93447
93452
93469
93470
93486
93500
93504
93505
93508
93513
93530
93555
93585
93590
93590
93615
93625
93631
93635
93641
93641
93661
93663
93702
93722
93732
93737
93741
93786
93786
93788
93790
93791
93800
93801
93806
93808
93830
93838
93843
93855
93882
93885
93909
93917
93922
93931
93945
93947
93986
93989
93997
94004
94011
94012
94019
94058
94058
94068
94081
94083
94111
94113
94115
94152
94166
94175
94186
94214
94216
94219
94224
94233
94243
94315
94320
94325
94375
94396
94405
94410
94418
94426
94428
94429
94458
94462
94466
94466
94522
94529
94537
94551
94572
94584
94586
94605
94611
94626
94651
94661
94663
94670
94677
94685
94696
94698
94716
94732
94733
94750
94760
94768
94779
94815
94815
94816
94819
94829
94841
94851
94862
94873
94877
94893
94894
94910
94919
94950
94961
94978
94985
94986
94997
94997
95008
95009
95012
95012
95019
95021
95022
95023
95023
95028
95032
95039
95043
95058
95061
95075
95089
95097
95098
95099
95101
95124
95129
95151
95152
95154
95155
95161
95172
95174
95177
95191
95192
95196
95232
95252
95253
95258
95275
95292
95317
95344
95355
95367
95368
95368
95369
95381
95390
95398
95408
95426
95437
95446
95467
95476
95490
95500
95505
95509
95512
95514
95521
95529
95540
95541
95547
95552
95557
95569
95573
95594
95610
95623
95632
95633
95634
95652
95656
95658
95669
95670
95676
95689
95689
95706
95728
95731
95732
95736
95739
95746
95746
95747
95766
95777
95778
95789
95798
95799
95808
95810
95816
95821
95842
95854
95880
95893
95911
95925
95942
95957
95961
95972
95985
95993
95995
95998
96003
96004
96009
96010
96030
96039
96073
96073
96077
96084
96108
96145
96153
96158
96159
96165
96170
96175
96177
96178
96179
96181
96184
96201
96212
96225
96229
96235
96272
96294
96296
96297
96343
96359
96359
96367
96383
96390
96395
96415
96430
96432
96436
96445
96450
96468
96472
96488
96500
96505
96513
96523
96533
96535
96581
96586
96594
96601
96619
96620
96631
96635
96638
96659
96659
96665
96684
96729
96744
96747
96756
96775
96777
96781
96783
96804
96817
96821
96828
96829
96836
96856
96871
96876
96880
96880
96893
96912
96914
96915
96940
96964
96967
96981
96984
96985
97001
97005
97006
97052
97058
97087
97100
97112
97142
97148
97162
97204
97219
97220
97236
97239
97244
97244
97248
97248
97248
97275
97279
97282
97302
97310
97315
97316
97340
97355
97370
97407
97409
97418
97455
97468
97486
97488
97489
97491
97503
97509
97514
97526
97530
97540
97552
97566
97566
97566
97568
97583
97589
97603
97604
97608
97639
97641
97653
97655
97661
97684
97686
97698
97699
97700
97711
97714
97735
97757
97763
97764
97784
97798
97812
97812
97814
97821
97828
97828
97858
97872
97875
97887
97894
97915
97918
97923
97931
97931
97940
97947
97966
97988
97995
98013
98024
98033
98033
98037
98056
98062
98079
98090
98096
98100
98106
98112
98130
98139
98164
98166
98168
98168
98188
98203
98204
98211
98215
98216
98257
98286
98297
98299
98306
98316
98338
98339
98341
98371
98383
98384
98389
98393
98395
98398
98403
98404
98416
98427
98434
98448
98452
98456
98458
98481
98482
98484
98491
98501
98507
98507
98507
98515
98531
98538
98570
98572
98587
98604
98606
98624
98627
98657
98674
98698
98699
98703
98731
98735
98739
98740
98753
98753
98760
98785
98813
98815
98818
98824
98851
98877
98879
98893
98899
98916
98919
98919
98923
98928
98928
98935
98941
98942
98943
98953
98958
98961
98972
98977
98978
98981
98987
98988
98995
99016
99028
99051
99052
99068
99082
99084
99087
99089
99094
99118
99131
99135
99143
99163
99171
99173
99175
99180
99182
99196
99214
99221
99227
99229
99241
99243
99258
99259
99261
99268
99279
99282
99288
99298
99301
99312
99320
99322
99337
99344
99356
99357
99368
99373
99373
99383
99385
99394
99403
99427
99431
99434
99452
99456
99466
99469
99485
99487
99493
99514
99519
99532
99539
99552
99600
99617
99620
99632
99635
99657
99679
99700
99707
99709
99723
99753
99755
99760
99775
99777
99809
99816
99827
99832
99847
99854
99862
99866
99869
99896
99898
99902
99905
99920
99925
99928
99933
99951
99959
99961
99973
99973
