734139722803261488
734139727098163248
734140822298112049
734421197763129649
734421202074874161
734422297274822961
3461632251424485424
3461633346641080369
3461633346641146161
3472328295590211889
3472328296225189937
3472328296227670576
3472328296244523018
3472328299885179184
3472328300522713098
3472329232530616624
3472329395101774128
3472609607995633713
3472609608012411184
3472609771201900848
3472609771204456497
3472609771221223984
3472609774861824049
3472609774861889840
3472609775516135434
3472610870716009008
3472610870716018992
3472610870732861745
3533689845445570608
3533689845445570865
3533690944973975601
3544344113118785840
3544344113135497520
3544344113135563056
3544385727056916529
3544385727073694001
3544385889628139824
3544385890263117872
3544385890279895345
3544385890279895345
3544385894577418544
3544386989777236016
3544386989794003504
3544386989794078986
3544386994072259121
3544625583800463408
3544625583800463409
3544625583817240625
3544667365256606001
3544667365259161866
3544667369537351690
3544667369554053681
3544668301545254960
3544668464770789424
3544668469048979505
3544668469065691146
011100
110011101000
110011101000
110011101000
110011101000
110011110000
110011110000
110011110110
110011110110
110011111101
110011111101
110100000110
110100000110
110100010101
110100010101
110100101000
110100101000
110100101001
110100101001
110100101001
110100101001
110100110001
110100110001
110100110011
110100110011
110100110111
110100110111
110101010111
110101010111
110101011001
110101011001
110101011010
110101011010
110101100011
110101100011
110101100101
110101100101
110101101110
110101101110
110101111100
110101111100
110101111101
110101111101
110110000100
110110000100
110110001010
110110001010
110110011100
110110011100
110110100110
110110100110
110110101100
110110101100
110110110011
110110110011
110110111001
110110111001
110110111101
110110111101
110110111111
110110111111
110111000111
110111000111
110111001010
110111001010
110111010110
110111010110
110111100100
110111100100
110111101100
110111101100
111000000001
111000000001
111000000110
111000000110
111000011111
111000011111
111000100011
111000100011
111000100111
111000100111
111001100010
111001100010
111001100011
111001100011
111010000011
111010000011
111010010010
111010010010
111010010011
111010010011
111010011101
111010011101
111010100000
111010100000
111010100111
111010100111
111010111001
111010111001
111010111110
111010111110
111011001001
111011001001
111011001101
111011001101
111011010010
111011010010
111011100011
111011100011
111011100110
111011100110
111011110011
111011110011
111011110100
111011110100
111100001011
111100001011
111100010011
111100010011
111100011010
111100011010
111100100100
111100100100
111100101010
111100101010
111100110011
111100110011
111100111000
111100111000
111100111011
111100111011
111101010001
111101010001
111101010010
111101010010
111101010111
111101010111
111101011010
111101011010
111101100101
111101100101
111101101000
111101101000
111101101111
111101101111
111101111000
111101111000
111110000011
111110000011
111110001110
111110001110
111110011101
111110011101
111110101011
111110101011
111110110011
111110110011
111110110111
111110110111
111110111111
111110111111
111110111111
111110111111
111111001100
111111001100
111111010000
111111010000
111111100100
111111100100
111111110010
111111110010
1000000000011
1000000000011
1000000010101
1000000010101
1000000111011
1000000111011
1000001001101
1000001001101
1000001010001
1000001010001
1000010000010
1000010000010
1000010001001
1000010001001
1000010001011
1000010001011
1000010001011
1000010001011
1000010100100
1000010100100
1000010101011
1000010101011
1000010110111
1000010110111
1000010111110
1000010111110
1000010111111
1000010111111
1000011000010
1000011000010
1000011000101
1000011000101
1000011010111
1000011010111
1000011100101
1000011100101
1000011110100
1000011110100
1000011110101
1000011110101
1000011111011
1000011111011
1000100010011
1000100010011
1000100101100
1000100101100
1000100111101
1000100111101
1000101000110
1000101000110
1000101001100
1000101001100
1000101001101
1000101001101
1000101011100
1000101011100
1000101111000
1000101111000
1000110000010
1000110000010
1000110010101
1000110010101
1000110010101
1000110010101
1000110101101
1000110101101
1000110111011
1000110111011
1000111001001
1000111001001
1000111010111
1000111010111
1000111011000
1000111011000
1000111011011
1000111011011
1000111100101
1000111100101
1000111101000
1000111101000
1000111101011
1000111101011
1000111111000
1000111111000
1000111111100
1000111111100
1001000000110
1001000000110
1001000100000
1001000100000
1001000101110
1001000101110
1001001000110
1001001000110
1001001001100
1001001001100
1001001101010
1001001101010
1001001111010
1001001111010
1001010011011
1001010011011
1001010100010
1001010100010
1001010110110
1001010110110
1001010111011
1001010111011
1001011001101
1001011001101
1001011010011
1001011010011
1001011010100
1001011010100
1001011010111
1001011010111
1001011110011
1001011110011
1001011111010
1001011111010
1001100001111
1001100001111
1001100011101
1001100011101
1001100101001
1001100101001
1001100110011
1001100110011
1001100110101
1001100110101
1001100110111
1001100110111
1001100111000
1001100111000
1001101000011
1001101000011
1001101010010
1001101010010
1001101110010
1001101110010
1001101111001
1001101111001
1001110000011
1001110000011
1001110001001
1001110001001
1001110010100
1001110010100
1001110011110
1001110011110
1001110011110
1001110011110
1001110111110
1001110111110
1001110111111
1001110111111
1001111000000
1001111000000
1001111000010
1001111000010
1001111000101
1001111000101
1001111011010
1001111011010
1001111011011
1001111011011
1001111011101
1001111011101
1001111101101
1001111101101
1001111110010
1001111110010
1001111111100
1001111111100
1010000000100
1010000000100
1010000001001
1010000001001
1010000011100
1010000011100
1010000100000
1010000100000
1010000100010
1010000100010
1010000110100
1010000110100
1010001000110
1010001000110
1010001001010
1010001001010
1010001001101
1010001001101
1010001001111
1010001001111
1010001010000
1010001010000
1010001011011
1010001011011
1010001011100
1010001011100
1010001100010
1010001100010
1010001100011
1010001100011
1010001101000
1010001101000
1010001110101
1010001110101
1010001110111
1010001110111
1010010010011
1010010010011
1010010011010
1010010011010
1010010111011
1010010111011
1010011001010
1010011001010
1010011001110
1010011010111
1010011011101
1010011100000
1010011100111
1010011110100
1010011111000
1010011111001
1010100000100
1010100001010
1010100001011
1010100011100
1010100011101
1010100011101
1010100100000
1010100101110
1010100101111
1010100110010
1010100111010
1010100111011
1010100111101
1010101101111
1010101111100
1010110011001
1010110100111
111111001
1010111111110
1010111111111
1011000001001
1011000001101
1011000011110
1011000100100
1011000111100
1011001001111
1011001011001
1011001100010
1011001100101
1011001101001
1011001110011
1011010000100
1011010001100
1011010010000
1011010010001
1011010010111
1011010011101
1011010100000
1011010100100
1011010100110
1011010101110
1011010111011
1011010111101
1011010111110
1011011000111
1011011011010
1011011100001
1011011100010
1011011111101
1011100000111
1011100101001
1011100110001
1011100110100
1011101011000
1011101100001
1011101100110
1011101100111
1011101101011
1011110001110
1011110011011
1011110011011
1011110101010
1011110101100
1011111000010
1011111001000
1011111001100
1011111101010
1011111101101
1011111110000
1011111110000
1011111111100
1100000000000
1100000001110
1100000010000
1100000101110
1100000101111
1100001001100
1100001010011
1100001010101
1100001010110
1100001101001
1100001101010
1100010000001
1100010100001
1100010100110
1100010101001
1100010111000
1100010111001
1100011000000
1100011000101
1100011000111
1100011000111
1100011001101
1100011010100
1100011100000
1100011101001
1100100000100
1100100001110
1100100011110
1100100011110
1100100100000
1100100100110
1100100101110
1100101000011
1100101011100
1100101101000
1100101101010
1100110000101
1100110001100
1100110011001
1100110110111
1100110111111
1100111000010
1100111001010
1100111010000
1100111010011
1100111011100
1100111011101
1100111011110
1100111110001
1100111111010
1100111111100
1100111111101
1101000000011
1101000011011
1101000110101
1101000110111
1101000111100
1101000111110
1101001000110
1101001001001
1101001001101
1101001011101
1101001101010
1101001101100
1101001111001
1101010000001
1101010000100
1101010011001
1101010100000
1101010110101
1101010111001
1101011000100
1101011001001
1101011001111
1101011011010
1101011100011
1101011101000
1101011101101
1101100000100
1101100001101
1101100010100
1101100100110
1101100100111
1101100110100
1101100110110
1101100111011
1101101000111
1101101001100
1101101001111
1101101010101
1101101010101
1101101101010
1101101111011
1101110010010
1101110101101
1101110101101
1101110110001
1101110110011
1101111011100
1110000001011
1110000010111
1110000100000
1110000100110
1110000110010
1110001011000
1110001100110
1110001101101
1110001101111
1110001110010
1110001110100
1110001110101
1110010000110
1110010010011
1110010011010
1110010101000
1110010110000
1110011001010
1110011001101
1110011001110
1110011010000
1110011011011
1110011100111
1110100010110
1110100100010
1110100100111
1110100101100
1110100101101
1110100111100
1110101000000
1110101000001
1110101000011
1110101010010
1110101011101
1110101100011
1110101100110
1110101100110
1110101110100
1110110000101
1110110001001
1110110001001
1110110010000
1110110100100
1110110110110
1110111000110
1110111001010
1110111010110
1110111010110
1110111011010
1110111011100
1110111100000
1110111110110
1110111111001
1110111111110
1111000000101
1111000000110
1111000000111
1111000010010
1111000100010
1111000101010
1111000101011
1111000110101
1111000111100
1111001000000
1111001001010
1111001010100
1111001010101
1111001010101
1111001011011
1111001011011
1111001110010
1111001110101
1111010000111
1111010001011
1111010010101
1111010110001
1111010110010
1111010111101
1111011010001
1111011101110
1111100010100
1111100010100
1111100100100
1111100101110
1111100101111
1111100110101
1111101000101
1111101011000
1111101011010
1111101011100
1111101100000
1111101100101
1111101101011
1111101101111
1111101110011
1111110000100
1111110010011
1111110011111
1111110100010
1111110101110
1111110110110
1111111000011
1111111001100
1111111001111
1111111010110
1111111011110
1111111101000
1111111110100
1111111111001
1111111111110
10000000001011
10000000001110
10000000001111
10000000010010
10000000100001
10000000100101
10000000101100
10000001001111
10000001001111
10000001011011
10000001011100
10000001011110
10000001111100
10000010000101
10000010010000
10000010010011
10000010100100
10000010101100
10000010101110
10000010111010
10000010111111
10000011000111
10000011001111
10000011011101
10000011100011
10000011111001
10000011111101
10000100001001
10000100001011
10000100010001
10000100101011
10000100111011
10000101000111
10000101001011
10000101011010
10000101011011
10000101011111
10000101110111
10000101111100
10000101111111
10000110000010
10000110000110
10000110001011
10000110010010
10000110011111
10000110100100
10000110110001
10000110110011
10000110110100
10000111010010
10000111010101
10000111110011
10000111111100
10000111111110
10001000001000
10001000010001
10001000010011
10001000100001
10001001001001
10001001001010
10001001011011
10001001100101
10001001101001
10001001101111
10001001110100
10001001111010
10001001111110
10001010001000
10001010010011
10001010011011
10001010011101
10001010101001
10001011000011
10001011000100
10001011000111
10001011100000
10001011100110
10001011110001
10001011110011
10001011111011
10001011111100
10001100001010
10001100010001
10001100010010
10001100010101
10001100011100
10001100100010
10001100100101
10001100101111
10001100111001
10001100111110
10001101001101
10001101011100
10001101111001
10001101111111
10001110001010
10001110010100
10001110011011
10001110011110
10001110100011
10001110100110
10001110100111
10001110101111
10001110111111
10001111000110
10001111001000
10001111010011
10001111010101
10001111011100
10001111011110
10001111100101
10001111110101
10001111111000
10001111111100
10001111111100
10001111111111
10010000000011
10010000001001
10010000001101
10010000010000
10010000100011
10010000101111
10010001001100
10010001001101
10010001010001
10010001010100
10010001010100
10010001010110
10010001100011
10010001101001
10010001111001
10010010001100
10010010010110
10010010011001
10010010100100
10010010101000
10010010101111
10010011000101
10010011001000
10010011010011
10010011011100
10010011011111
10010011100010
10010011100101
10010011111111
10010100001000
10010100001110
10010100011010
10010100100000
10010100100100
10010100111001
10010100111010
10010100111010
10010101100000
10010101101111
10010101111010
10010110001011
10010110001111
10010110010011
10010110100000
10010110100010
10010111000101
10010111001001
10010111001101
10010111010100
10010111010110
10010111011010
10010111101101
10010111101101
10011000010001
10011000011011
10011000011101
10011000100000
10011000101101
10011000111011
10011001000110
10011001001011
10011001001110
10011001010100
10011001110010
10011001111000
10011001111001
10011010000100
10011010000111
10011010110001
10011010110001
10011010110101
10011010111000
10011010111110
10011011001101
10011011001101
10011011001110
10011011001111
10011011100101
10011011100111
10011100010000
